$ANSIBLE_VAULT;1.1;AES256
33353232646230616166643736313437633732656332366361313265313035306661643266386339
3166626137616336356637353933663336306337643264390a336230393162306464666137356461
30666530626539613530373636613262353939636638336634393363373539396464313634333064
6135383630313439320a353665653738323064326461663163656164643435643732373536326135
36346333316565663538303031303761363565613233613039343166323364636164643739323162
32323930613830613933656131366166633166303562613832323765663762343139356231393630
64313361313836393665613433636666373062376131313930303834646434353363393835343634
37643362316166396666316131376631376434343461616139346438656339383139336636333730
37373662653335346163626137643761396363383739373230663339653736316432323636373438
62636261313965656637366165646238316138356537353061303938613139656235363232613864
65363061393830353633656266633634613961663633643330353666653966633135616335383431
65343433363961663466643438306632633662346631623030383662336534376535303862336237
35396364666135313030626262396361643638346136356535396366346535303035336166343234
63313964663130353638316465386262613361653832613066353335386566373264666636343430
63633164666562386665363835336231396132653437626236643965366261383434303030663937
62343031386133376632323531613563306437626265666232393566613063303335386137303666
32323832383936653165313239616262353964353630336465646535616134303936353431636331
37373564623665613539633839616338636536396237626239666162346233366631626464386431
32633234666561396438323066653833643230646135396665323861396131613162663632663137
39653230393065343331656161343033363739623432653766303131656438363036333030333833
61396230636235383635623765343431346333363633643038343533323031396431666166383663
62616233316639323539643738396264623638616336333035303135393333396363363861636162
33636434616336376134323634623530336165323931653335333831396365303564326566363765
62613136363233646461316265623239653631386538376661333566313635663634346364353034
32356230303437343032306366663432653965353035393935316163353934633166376566383163
39363230636261663533336232636630666438616139346331646262633131613465333365363439
63633532383462633739623031373937656263363031656633626333303166316538333061646463
64366261313630663039633931353237346133343738313638373433623836313238643538633335
61643734386338653361656365303432313461393762363436616665333739356232386432396137
37386163326236623066306537343066653061336633303464373261313862396262303062643966
61656335383131393861633463636231326230376635323332656666313630653033633763613063
30383033333865333033353139306261363565393862626438643663376265643535653635303031
66356539323932363439633863626162373930376364623962363136323433373966313764613361
37373438323233376231316262623736343034656430363731633932373165356430383833396233
32396231626264303564323032613737623733396562333166633934336365383865376639323232
66356235643036646534316165316162383534633136613261616232666132663539386637633361
36303635396537366461356263643031353332386461633538396130326361616261313265366562
30343036376632326631333362353236353432313932343937333436316531376136336235653862
34633637323733343738383632356330383634633135396433653635636534623031313962376561
30393464383563306138633263336364356233366238313261396465656261386662333034316630
64333637386533633433323366303134633331353430303138393734393235363131653731643232
39633132313063653637346335353031373463633130623236663864613939366230343932336633
31323838373037643663353531613863373065343238313236613561343066326263663538633331
33366634313237303839333061383432333864376263373463616366366465376130343037346334
64666561653861646664366562313039393831306265643637663263366633623765363232333436
38373637383165303732383562613163636166353539623533616364666563646234626663373364
39356631373539633430326435386564663666326239316634363637346530356432633231376633
39363064363930386532623039333330303562626565396464326332656263653261643739666534
36353839393334396639653065326663396639336534613933363364643930663165326434353336
31353832363832353564663162313261666435666636303163316664373439613262313732663931
62316666396337623965373530313135323337383533626263666465613866313762313137313263
63383038396464666436303438663261383436346638626238336138313135356432633133396630
35313863326164633164316331343966383361306135363734336164656464666562636533336333
31343733353064356465303865306130363836303662366435373632623263356166306537653338
31346364343035626464623436643830333439333832616630353436613266346232643939303833
32373137396439313630636661646561373635386532366464363635316362313434366161626539
39333638626233623730323162303966333335386433356335666163663239643463663961653631
62316531363664663137313832363465313965383733653761363463306164646561663035333263
63376534393837373165313962643431623938616662303336646635343932633863633436393730
39613163613566633435653764316466393632313037373334633061356339336539626138313765
65353234623235636565663335643737636465343331666261373866616563306330653830356666
31376333353034656637393761346263386130323336376464306430623134636366326436333766
66383863326266313332346631356131643666383365313633633463356539656230636161653337
37343039303366376661663331623866373537623265646164356535393533316335656238383931
62633533376137626661306631636661353630343262643466656564363166643130663135356233
30313764316565336633316464396334346163343062356236383534396561323037343064663030
35613231613134643735346630316635323036396338656536626265336435346565613663316538
32333566653139633434633562353431363630363932313564383531353061323039386333666132
66653432646132363737316337383634356364336239353832396332363366663632626635643961
62383835383836373436306231663236336237366139626334643661396663643431633161363736
35376462356438613339653936666530373636303537396334653430373033656532373965653431
30663964656366373738333765363233346563373735306636633362303161396230363366353666
39653432613061313234373761333533356330363066363234303530383634656461323038396161
38636535313665626436643661303162623061353833623339613531303466653131343461346363
62663534656261306530366262306464636166353230636564656434343863333433336364643463
38336431663931623532323838336365613932653666343834383330383966623735386639346661
38623537386434306161623336303736346631626665646564393066623630623939636532383263
34626265666634393633633234616365323939393438303462363239643634353966656334336262
36336264656464353934633166663663613639666266616565623730633334303630663431383461
64653435303163636263626463336661643930326130633164653664616161356538396637653732
61353463616238663338396339306165336536663737306461353664323264323335316139396438
30346639653939613134336137343931366337323038333938363334323035306532363164633366
34663964353433663963633033396636386662393030323633616639383731346435616431613066
30313635633438343535363832646436383039666434316663306639663164626364316536613064
63383934343265393364343265373365643237353765393937333936633338326530643234303231
66323162633032636162393433633033636238666636653263353735343665323362386335313966
39383536353335326164333338656332383365336139353539663631646634353934333930653435
33373638613462336639326330363764393562393330333432396361636666353661313836323062
63353861636133356661613132366465386330626333326638323233396264313562346666636565
33653236326237316333633330653237363965313465303063653736646561343930366366663462
36643036336166333639366363343365363965313936373166636533653265613531633234376639
63333432303337356261653433373232666464616333396466646466326364643137643064396330
62366637633032383331663139636637636534326662323932613231653265336237333362643361
62333630663833353539333131373932663334353633316633633162373966336330336261316431
37623066373230363465393234623339376433313038306161633430623835333837383537633730
61393532323030333537653964366461333438636637656366663038393361616338646361393864
65366336623233343832343666363531646362643661313864363537356365393834343237633232
36333966663935656166383563353935386165623238613938313139303166393465643434366139
61303734343534666235396464663162333332613930326139646535353530626434363961633731
65623831363963663935353237356662343262663131643435373866393236353038393332333338
30633161373533643830336338313937326438353030386432333961306539346534633136313233
33353063656330386337373165646436346365333961366565336636383965366662303965383465
37303335613862323737333530396462373334653933303634373333326363636531656361393633
64613964373631376263646534613566356165306361396261393633353534653130366163323230
32336364313761343863303062383565383232396337616366303433623766373334656533633632
37326363666364363865303733373862666532343165363531653564656633313636663261653562
66663066666432386430353763353031623064346466653531636331323539336365363631623830
38643061376533623730376436303635373032613763303938393132643434643934646135666362
38346634393636356132396635343437363836623962633732323166613665386633653239366637
66326639613863663433643732323334343130333334343238653732323039643765626434343239
33646663313433333063313435316439323163376433373361363530353362666532316135363964
39343063666663353766366566356636663632626564336135636535343863666536626337666365
39333662396261646266353136396166306130336132303836366631376262393134393938633133
66613063323565386238633431633035343036383436373332353566353936653039363861623334
62316330613866643261333132396137363835303032333636383439633838393636336531316131
64306533336435373834353365393333656464613064333935646438306632323630616238623834
38363265636134386339616464663865303837326261616365303263616130616564386338613766
37636534636432393338373532646436313939366162323935663866336261623532373266316163
66376230616439333064393439393332653663356331396333313532656266623864323462356463
38663066613737373861343638623161646536326561646237306164653339366464326337366466
30346532373335326630326466393463653532636434623335323938396438646131386561636137
33626137663939353064386631386533623463366537623361306164303339663239356535653061
32633931613161636538663832653637623631663936616661666364393131616464303161366335
61623334376632643561386234643034333064353533643933623136303431653235666538656362
64366566363437303966346531623566393238333338326332303561643863616432366666383162
32373136393437653239353262396264323138616564373465323836386238356663623033376531
62633838303834363733363133356133376161313332306538323164386261643936323633653461
32353739383865623066613363303339653463363835616537346434636532616465313062386234
39333765356530393733383562356536326336613130333234663836363038316430643332613632
65346633643339623536626265646330383864616631663762656266396363346338363733323631
65316435653930336234613937366532346637303836346230393235666466343936393437306135
33656637663239636439666661643430646635623466323632353562616662633931346461313530
35626633376566313162386465623565633138356365306232383639643734353032656531313632
3032663962306136313635386562303239393334353936653339
